1
11156
11650
13233
13705
13787
13992
14115
14368
14609
14817
15041
15363
15565
15885
16290
24
4605
5158
71
9104
108
130
15280
174
10770
218
248
278
13772
315
345
376
11222
15442
415
445
475
10824
12879
13756
15124
15957
520
550
579
9360
15049
618
648
678
9226
725
756
786
11348
15847
820
850
880
9314
15695
924
952
982
1012
1042
1072
16731
1115
1145
1173
12996
13027
14546
6918
1206
1236
1266
1296
1314
1344
1373
16274
1428
1458
1488
13546
1504
15349
1564
9039
11561
15021
15606
16021
1625
1653
1681
9330
16789
1719
1749
1779
14049
14674
1814
1844
1874
14581
1897
1927
1957
1987
2010
2040
2070
10694
15867
2119
2149
2179
9190
11025
11491
11697
14696
15029
15686
2192
2222
2252
2282
9296
13607
2314
2344
2374
16770
2418
2448
2479
15616
2515
2545
2575
11061
15593
2615
2646
2677
11679
2706
2736
2766
9248
2798
2828
2858
2888
2895
2925
2955
2985
3009
3039
3069
13319
3116
3146
3176
3204
3234
3264
3294
3324
3354
3384
3409
3439
3469
10631
11137
12556
14583
15289
15617
16082
3507
3537
3567
4973
9291
3605
3635
3665
13982
3717
3747
3777
3798
3829
3859
3889
3915
3945
3975
3994
4025
4055
4085
4099
4129
4159
4189
4207
4237
4267
4299
4334
4365
14736
4421
4451
4481
4507
4538
4568
4596
4629
4659
4689
4705
4735
4765
9122
4817
4847
4877
4907
4960
4998
5032
5063
9377
5118
5151
5187
5217
5249
5279
5306
5336
5366
5390
5420
5450
5480
5489
5523
5553
5583
5607
5637
5667
5692
5722
5752
5782
5811
5841
5871
5894
5924
5954
5984
6006
6036
6066
6090
6120
6150
6180
6204
6234
6264
9356
6318
6348
6378
6399
6429
6459
9146
6511
6541
6571
6590
6620
6650
6680
6700
6730
6760
9238
6817
6848
6879
6930
7183
14018
7347
7377
7407
7437
7457
7487
7517
7539
7569
7599
7629
7643
7673
7703
7733
7761
7791
7821
7842
7872
7902
7932
7961
7991
8021
14795
8062
8092
8122
8143
8173
8203
8233
8247
8277
8307
8337
8351
8381
8411
9281
8457
8487
8517
8541
8571
8601
8631
8643
8673
8703
8733
14803
8752
8782
8812
11142
8850
8880
8910
9219
8963
8993
9023
11716
11748
11780
11818
11890
11923
13564
16711
11984
12019
12050
12080
12121
12153
12187
12220
12252
12275
12305
12335
12365
12384
12418
12454
13284
13317
13355
12506
12538
14933
12674
12704
12734
12764
12790
12820
12850
16131
13518
13549
14955
12946
12976
12558
12591
12623
12658
13128
13158
13190
10
11159
11686
13236
13708
13806
13999
14124
14372
14615
14818
15083
15364
15583
15892
16556
25
4930
5169
7145
9106
10897
131
153
175
10772
219
249
279
14302
316
346
377
11233
15579
416
446
476
10827
12880
13773
15129
16032
521
5502
580
10577
15073
619
649
679
9231
726
757
787
11426
15865
821
851
881
9337
15773
925
953
983
1013
1043
1073
16735
1116
11456
1174
12997
13028
14549
6934
1207
1237
1267
1297
1315
1345
1374
16766
1429
1459
1489
13580
1505
1535
1565
9063
11687
15045
15624
16022
1626
1654
1682
9331
16794
1720
1750
1780
14066
14688
1815
1845
1875
14653
1898
1928
1958
1988
2011
2041
2071
10695
15899
2120
2150
2180
9191
11026
11492
12610
14697
15069
15740
2193
2223
2253
2283
9336
13609
2315
2345
2375
16773
2419
2449
2480
15767
2516
2546
2576
11084
15622
2616
2647
2678
11680
2707
2737
2767
9251
2799
2829
2859
2889
2896
2926
2956
2986
3010
3040
3070
13692
3117
3147
3177
3205
3235
3265
3295
3325
3355
3385
3410
3440
3470
10637
11158
12566
14630
15303
15621
16170
3508
3538
3568
5008
9298
3606
3636
3666
14378
3718
3748
3778
3799
3830
3860
3890
3916
3946
3976
3995
4026
4056
4086
4100
4130
4160
4190
4208
4238
4268
4301
4335
4366
14789
4422
4452
4482
4508
4539
4569
4597
4630
4660
4690
4706
4736
4766
9195
4818
4848
4878
4908
4961
4999
5033
5064
9378
5119
5152
5188
5218
5250
5280
5307
5337
5367
5391
5421
5451
5481
5490
5524
5554
5584
5608
5638
5668
5693
5723
5753
5783
5812
5842
5872
5895
5925
5955
5985
6007
6037
6067
6091
6121
6151
6181
6205
6235
6265
6289
6319
6349
6379
6400
6430
6460
9353
6512
6542
6572
6591
6621
6651
6681
6701
6731
6761
13698
6818
6849
6880
6951
7185
14026
7348
7378
7408
10642
7458
7488
7518
7540
7570
7600
7630
7644
7674
7704
7734
7762
7792
7822
7843
7873
7903
7933
7962
7992
8022
14883
8063
8093
8123
8144
8174
8204
8234
8248
8278
8308
9157
8352
8382
8412
9282
8458
8488
8518
8542
8572
8602
8632
8644
8674
8704
8734
14825
8753
8783
8813
11428
8851
8881
8911
10622
8964
8994
9024
11717
11749
11781
11821
11891
11924
13878
11951
11985
12020
12051
12083
12122
12154
12189
12221
12253
12276
12306
12336
12476
12386
12420
12455
13285
13320
13357
12507
12539
14934
12675
12705
12735
12765
12791
12821
12851
16359
13519
13550
14956
12947
12977
12559
12592
12624
12659
13129
13159
13191
10572
11161
11689
13262
13723
13815
14
14152
14388
14616
14822
15085
15366
15589
15894
16557
26
4931
5170
72
9112
109
132
15320
176
11056
220
250
280
14470
317
347
378
11247
15648
417
447
477
10839
12881
13786
15163
16057
522
551
581
10655
15116
620
650
680
9237
727
758
788
11435
15878
822
852
882
10636
15833
926
954
984
1014
1044
1074
16744
1117
1146
1175
12998
13029
14550
6952
1208
1238
1268
1298
1316
1346
1375
1400
1430
1460
1490
13592
1506
1536
1566
9064
13760
15120
15681
16023
1627
1655
1683
9357
16796
1721
1751
1781
14067
14693
1816
1846
1876
14671
1899
1929
1959
1989
2012
2042
2072
10701
16217
2121
2151
2181
9223
11111
11493
13037
14733
15136
15750
2194
2224
2254
2284
9359
14000
2316
2346
2376
16781
2420
2450
2481
15814
2517
2547
2577
11178
15664
2617
2648
2679
13979
2708
2738
2768
9266
2800
2830
2860
2890
2897
2927
2957
2987
3011
3041
3071
14068
3118
3148
3178
3206
3236
3266
3296
3326
3356
3386
3411
3441
3471
10641
11166
12577
14754
15346
15665
16253
3509
3539
3569
5014
9299
3607
3637
3667
14501
3719
3749
3779
3800
3831
3861
3891
3917
3947
3977
3996
4027
4057
4087
4101
4131
4161
4191
4209
4239
4269
4302
4336
4367
4393
4423
4453
4483
4509
4540
4570
4598
4631
4661
4691
4707
4737
4767
12130
4819
4849
4879
4909
4962
5000
5034
5065
10984
5120
5153
11372
5219
5251
5281
5308
5338
5368
5392
5422
5452
5482
5492
5525
5555
5585
5609
5639
5669
5694
5724
5754
5784
5813
5843
5873
5896
5926
5956
5986
6008
6038
6068
6092
6122
6152
6182
6206
6236
6266
6290
6320
6350
6380
6401
6431
6461
9365
6513
6543
6573
6592
6622
6652
6682
6702
6732
6762
6789
6819
6850
6881
6960
7187
14035
7349
7379
7409
10646
7459
7489
7519
7541
7571
7601
7631
7645
7675
7705
7735
7763
7793
7823
7844
7874
7904
7934
7963
7993
8023
14884
8064
8094
8124
8145
8175
8205
8235
8249
8279
8309
9161
8353
8383
8413
11365
8459
8489
8519
8543
8573
8603
8633
8645
8675
8705
8735
14900
8754
8784
8814
11437
8852
8882
8912
10890
8965
8995
9025
11718
11750
11782
11823
11892
11925
13884
11952
11986
12021
12052
12085
12123
12155
12190
12222
12254
12277
12307
12337
12489
12387
12423
12457
13286
13321
13358
12508
12540
14935
12676
12706
12736
12766
12792
12822
12852
16553
13520
13551
14957
12948
12978
12560
12593
12626
12660
13130
13160
13192
10586
11165
11694
13264
13724
13819
14002
14170
14402
14619
14828
15098
15370
15644
15895
16590
27
4934
5180
7263
9117
10959
133
15321
177
11057
221
251
281
15436
318
348
379
11248
15662
418
448
478
10856
12883
13794
15168
16097
523
552
582
10717
15121
621
651
681
9253
728
759
789
11454
16387
823
853
883
10836
16190
927
955
985
1015
1045
1075
16746
1118
1147
1176
12999
13030
14555
6955
1209
1239
1269
1299
1317
1347
13759
1401
1431
1461
1491
13593
1507
1537
1567
9307
13761
15137
15684
16024
1628
1656
1684
11450
1692
1722
1752
1782
14075
14721
1817
1847
1877
14752
1900
1930
1960
1990
2013
2043
2073
10702
2092
2122
2152
2182
9241
11114
11494
13602
14741
15150
15765
2195
2225
2255
2285
9361
15700
2317
2347
2377
16791
2421
2451
2482
15840
2518
2548
2578
11245
15668
2618
2649
2681
14715
2709
2739
2769
9276
2801
2831
2861
2891
2898
2928
2958
2988
3012
3042
3072
14375
3119
3149
3179
3207
3237
3267
3297
3327
3357
3387
3412
3442
3472
10644
11181
12584
14755
15360
15666
16255
3510
3540
3570
5021
9302
3608
3638
3668
14573
3720
3750
3780
3801
3832
3862
3892
3918
3948
3978
3997
4028
4058
4088
4102
4132
4162
4192
4210
4240
4270
4303
4338
4368
4394
4424
4454
4484
4510
4541
4571
4599
4632
4662
13687
4708
4738
4768
16251
4820
4850
4880
4910
4965
5001
5035
5066
15106
5121
5154
5189
5220
5252
5282
5309
5339
5369
5393
5423
5453
5483
5493
5526
5556
5586
5610
5640
5670
5695
5725
5755
5785
5814
5844
5874
5897
5927
5957
5987
6009
6039
6069
6093
6123
6153
6183
6207
6237
6267
6291
6321
6351
6381
6402
6432
6462
10771
6514
6544
6574
6593
6623
6653
6683
6703
6733
6763
6790
6820
6851
6882
6975
7188
14043
7350
7380
7410
11099
7460
7490
7520
7542
7572
7602
7632
7646
7676
7706
7736
7764
7794
7824
7845
7875
7905
7935
7964
7994
8024
15584
8065
8095
8125
8146
8176
8206
8236
8250
8280
8310
9173
8354
8384
8414
12882
8460
8490
8520
8544
8574
8604
8634
8646
8676
8706
8736
14985
8755
8785
8815
11446
8853
8883
8913
10996
8966
8996
9026
11719
11751
11783
11827
11895
11926
14013
11953
11987
12022
12053
12087
12124
12156
12191
12223
12255
12278
12308
12338
13770
12388
12424
12458
13287
13322
13359
12509
12541
14936
12677
12707
12737
14284
12793
12823
12853
16682
13521
13552
14958
12949
12979
12561
12594
12627
12661
13131
13161
13193
10617
11167
11732
13273
13731
13822
14003
14171
14409
14621
14829
15104
15373
15655
15921
16600
28
4936
52
7293
9135
110
134
154
178
12649
222
252
282
15588
319
349
380
12178
15720
419
449
479
10857
12886
13860
15203
16272
524
553
583
10852
15172
622
652
682
295
729
760
790
11507
16617
824
854
884
10851
16631
928
956
986
1016
1046
1076
16751
1119
1148
1178
13000
13031
14557
6958
1210
1240
1270
13812
1318
1348
1376
1402
1432
1462
1492
13594
1508
1538
1568
9309
13766
15139
15696
16025
1629
1657
1685
13689
1693
1723
1753
1783
14088
14735
1818
1848
1878
15053
1901
1931
1961
1991
2014
2044
2074
10723
2093
2123
2153
2183
9279
11133
11495
13605
14773
15195
15846
2196
2226
2256
2286
9362
15822
2318
2348
2378
2392
2422
2452
2483
15844
2519
2549
2579
11420
15745
2619
2650
2682
14750
2710
2740
2770
9277
2802
2832
2862
2892
2899
2929
2959
2989
3013
3043
3073
15213
3120
3150
3180
3208
3238
3268
3298
3328
3358
3388
3413
3443
3473
10648
11193
12618
14758
15362
15691
16257
3511
3541
3571
5161
9311
3609
3639
3669
14931
3721
3751
3781
3802
3833
3863
9176
3919
3949
3979
3998
4029
4059
4089
4103
4133
4163
9182
4211
4241
4271
4304
4339
4369
4395
4425
4455
4485
4511
4542
4572
4600
4633
4663
13883
4709
4739
4769
16266
4821
4851
4881
4911
4975
5002
5036
5067
15212
5122
5155
5190
5221
5253
5283
5310
5340
5370
5394
5424
5454
5484
5494
5527
5557
5587
5611
5641
5671
5696
5726
5756
5786
5815
5845
5875
5898
5928
5958
5988
6010
6040
6070
6094
6124
6154
6184
6208
6238
6268
6292
6322
6352
6382
6403
6433
6463
14560
6515
6545
6575
6594
6624
6654
6684
6704
6734
6764
6791
6821
6852
6883
6978
7196
14072
7351
7381
7411
11141
7461
7491
7521
7543
7573
7603
7633
7647
7677
7707
7737
7765
7795
7825
7846
7876
7906
7936
7965
7995
8025
15786
8066
8096
8126
8147
8177
8207
8237
8251
8281
8311
9271
8355
8385
8415
16750
8461
8491
8521
8545
8575
8605
8635
8647
8677
8707
8737
15111
8756
8786
8816
13788
8854
8884
8914
11174
8967
8997
9027
11720
11752
11784
11829
11896
11927
14017
11954
11988
12023
12054
12089
12125
12157
12192
12224
12256
12279
12309
12339
14022
12390
12425
12459
13288
13323
13360
12510
12542
14937
12678
12708
12738
11640
12794
12824
12854
13491
13522
13553
14959
12950
12980
12562
12595
12628
12662
13132
13162
13194
10618
11180
11737
13276
13732
13827
14005
14173
14411
14626
14834
15113
15389
15657
15924
16614
29
4938
5245
73
92
11078
135
15444
179
12656
223
253
283
15607
320
350
381
13762
15781
420
450
480
10898
12888
13892
15211
16280
525
554
584
10853
15307
623
653
683
700
730
761
791
11596
16676
825
855
885
10869
900
929
957
987
1017
1047
1077
16752
1120
1149
1179
13001
13032
14568
6959
1211
1241
1271
14278
1319
1349
1377
1403
1433
1463
1493
13595
1509
1539
1569
9310
13783
15143
15703
1603
1630
1658
1686
13829
1694
1724
1754
1784
14101
15255
1819
1849
1879
15070
1902
1932
1962
3476
2015
2045
2075
10755
2094
2124
2154
2184
10576
11150
11496
13608
14778
15219
15873
2197
2227
2257
2287
9363
15834
2319
2349
2379
2393
2423
2453
2484
15938
2520
2550
2580
11550
15747
2620
2651
2683
14772
2711
2741
2771
9313
2803
2833
2863
5375
2900
2930
2960
2990
3014
3044
3074
15705
3121
3151
3181
3209
3239
3269
3299
3329
3359
3389
3414
3444
3474
10684
11202
12625
14762
15368
15704
16262
3512
3542
3572
5207
9339
3610
3640
3670
15088
3722
3752
3782
3803
3834
3864
11699
3920
3950
3980
3999
4030
4060
4090
4104
4134
4164
9246
4212
4242
4273
4306
4340
4370
4396
4426
4456
4486
4512
4543
4573
4601
4634
4664
14009
4710
4740
4770
4792
4822
4852
4882
4912
4976
5003
5037
5068
5089
5123
5156
5191
5222
5254
5284
5311
5341
5371
5395
5425
5455
5485
5495
5528
5558
5588
5612
5642
5672
5697
5727
5757
5787
5816
5846
5876
5899
5929
5959
9201
6011
6041
6071
6095
6125
6155
6185
6209
6239
6269
6293
6323
6353
6383
6404
6434
6464
15068
6516
6546
6576
6595
6625
6655
6685
6705
6735
6765
6792
6822
6853
6884
6983
7201
14092
7352
7382
7412
11155
7462
7492
7522
7544
7574
7604
7634
7648
7678
7708
9067
7766
7796
7826
7847
7877
7907
7937
7966
7996
8026
16117
8067
8097
8127
8148
8178
8208
10688
8252
8282
8312
9328
8356
8386
8416
16755
8462
8492
8522
8546
8576
8606
8636
8648
8678
8708
9221
15690
8757
8787
8817
13894
8855
8885
8915
8938
8968
8998
9028
11721
11753
11785
11830
11897
11928
14041
11955
11989
12024
12055
12090
12126
12158
12193
12225
12257
12280
12310
12340
14467
12391
12426
12460
13289
13324
13361
12511
12543
14938
12679
12709
12739
11659
12795
12825
12855
13492
13523
13554
14960
12951
12981
12563
12596
12629
12663
13133
13163
13195
10621
11184
11774
13295
13733
13838
14006
14182
14420
14636
14835
15134
15393
15683
15930
16615
3
4953
53
7321
9209
11079
136
15481
180
13790
224
254
284
15610
321
351
382
13765
15809
421
451
481
10952
12889
13934
15298
16611
526
555
585
10854
15460
624
654
684
701
731
762
792
11603
16693
826
856
886
10870
901
9292
958
988
1018
1048
1078
16774
1121
1150
1180
13002
13033
14604
6963
1212
1242
1272
14296
1320
1350
1378
1404
1434
1464
1494
13596
1510
1540
1570
9323
13785
15206
15714
1604
1631
1659
1687
13984
1695
1725
1755
1785
14306
15262
1820
1850
1880
15131
1903
1933
1963
9364
2016
2046
2076
10874
2095
2125
2155
2185
10588
11176
11497
13610
14793
15285
15886
2198
2228
2258
2288
10604
15841
2320
2350
2380
2394
2424
2454
2485
15988
2521
2551
2581
11626
15805
2621
2652
2684
15359
2712
2742
2772
13616
2804
2834
2864
6869
2901
2931
2961
2991
3015
3045
3075
16062
3122
3152
3182
3210
3240
3270
3300
3330
3360
3390
3415
3445
3475
10719
11439
12632
14780
15375
15712
16283
3513
3543
3573
5237
9342
3611
3641
3671
3693
3723
3753
3783
3804
3835
3865
13678
3921
3951
3981
4000
4031
4061
4091
4105
4135
4165
9258
4213
4243
4274
4307
4341
4371
4397
4427
4457
4487
4513
4544
4574
4602
4635
4665
14400
4711
4741
4771
4793
4823
4853
4883
4913
4977
5004
5038
5069
5090
5124
5157
5192
5223
5255
5285
5312
5342
5372
5396
5426
5456
5486
5496
5529
5559
9043
5613
5643
5673
5698
5728
5758
5788
5817
5847
5877
5900
5930
5960
10668
6012
6042
6072
6096
6126
6156
6186
6210
6240
6270
6294
6324
6354
6384
6405
6435
6465
15095
6517
6547
6577
6596
6626
6656
6686
6706
6736
6766
6793
6823
6854
6885
6987
7205
14254
7353
7383
7413
11160
7463
7493
7523
7545
7575
7605
7635
7649
7679
7709
14033
7767
7797
7827
7848
7878
7908
16788
7967
7997
8027
8038
8068
8098
8128
8149
8179
8209
10691
8253
8283
8313
9329
8357
8387
8417
16759
8463
8493
8523
8547
8577
8607
8637
8649
8679
8709
9242
15723
8758
8788
8818
14774
8856
8886
8916
8939
8969
8999
9029
11722
11754
11786
11835
11898
11929
14042
11957
11992
12025
12056
12091
12127
12159
12194
12226
12258
12281
12311
12341
15191
12392
12427
12461
13290
13326
13362
12512
12544
14939
12680
12710
12740
11690
12796
12826
12856
13493
13524
13555
14961
12952
12982
12564
12597
12630
13956
13134
13165
13196
10628
11186
11862
13297
13734
13840
14012
14203
14425
14642
14853
15148
15414
15687
15942
16641
30
4955
5512
7337
9218
111
137
155
181
13792
225
255
285
15645
322
352
383
13767
15810
422
452
482
10957
12890
13964
15302
16619
527
556
586
11102
15782
625
655
685
702
732
763
793
13630
2460
827
857
887
10899
902
9297
959
989
1019
1049
1079
16782
1122
1151
1181
13003
13034
14606
6970
1213
1243
1273
14845
1321
1351
1379
1405
1435
1465
1495
13597
1511
1541
1571
9324
14054
15260
15716
16043
1632
1660
1688
14038
1696
1726
1756
1786
14343
15496
1821
1851
1881
15433
1904
1934
1964
13673
2017
2047
2077
10906
2096
2126
2156
2186
10603
11189
11501
13620
14798
15296
15898
2199
2229
2259
2289
10758
15853
2321
2351
2381
2395
2425
2455
2486
16037
2522
2552
2582
13691
15887
2622
2653
2685
15384
2713
2743
2773
14085
2805
2835
2865
9165
2902
2932
2962
2992
3016
3046
3076
3093
3123
3153
3183
3211
3241
3271
3301
3331
3361
3391
3416
3446
3477
10739
11557
12653
14801
15376
15734
16425
3514
3544
3574
5491
9358
3612
3642
3672
3694
3724
3754
3784
3805
3836
3866
13975
3922
3952
3982
4001
4032
4062
4092
4106
4136
4166
9259
4214
4244
4275
4308
4342
4372
4398
4428
4458
4488
4514
4545
4575
4603
4636
4666
14559
4712
4742
4772
4794
4824
4854
4884
4914
4978
5005
5039
5070
5091
5125
5159
5193
5224
5256
5286
5313
5343
5373
5397
5427
5457
5487
5497
5530
5560
9111
5614
5644
5674
5699
5729
5759
10944
5818
5848
5878
5901
5931
5961
10743
6013
6043
6073
6097
6127
6157
6187
6211
6241
6271
6295
6325
6355
6385
6406
6436
6466
15269
6518
6548
6578
6597
6627
6657
6687
6707
6737
6767
6794
6824
6855
6886
6999
7222
14540
7354
7384
7414
11433
7464
7494
7524
7546
7576
7606
7636
7650
7680
7710
7738
7768
7798
7828
7849
7879
7909
7938
7968
7998
8028
8039
8069
8099
8129
8150
8180
8210
10704
8254
8284
8314
10787
8358
8388
8418
16767
8464
8494
8524
8548
8578
8608
9211
8650
8680
8710
9322
15826
8759
8789
8819
15426
8857
8887
8917
8940
8970
9000
9030
11723
11755
11787
11836
11899
11930
14097
11958
11993
12027
12057
12092
12128
12160
12195
12227
12259
12282
12312
12342
15731
12393
12428
12462
13291
13328
13363
12514
12545
14940
12681
12711
12741
12767
12797
12827
12857
13494
13525
13556
14962
12953
12983
12565
12598
12631
14300
13135
13166
13197
10630
11194
11956
13325
13735
13847
14015
14206
14445
14644
14867
15154
15415
15694
15946
16643
31
4956
58
74
9222
112
13726
156
182
13990
226
256
286
15715
323
353
384
13771
15943
423
453
483
10978
12893
13976
15519
16712
528
557
587
11361
15918
626
656
686
703
733
764
794
13697
5183
828
858
888
10948
903
930
960
990
1020
1050
1080
16786
1124
1152
1182
13004
13035
14608
7011
1214
1244
1274
16030
1322
1352
1380
1406
1436
1466
1496
13598
1512
1542
1572
9333
14059
15283
15743
1605
1633
1661
1689
14349
1697
1727
1757
1787
14414
1792
1822
1852
1882
15529
1905
1935
1965
14807
2018
2048
2078
10947
2097
2127
2157
2187
10647
11190
11549
13623
14809
15297
15901
2200
2230
2260
2290
10805
2292
2322
2352
2382
2396
2426
2456
2487
2493
2523
2553
2583
13714
15915
2623
2654
2686
15434
2714
2744
2774
14542
2806
2836
2866
9166
2903
2933
2963
9252
3017
3047
3077
3094
3124
3154
3184
3212
3242
3272
3302
3332
3362
3392
3417
3447
3478
10741
11684
13243
14839
15380
15744
16599
3515
3545
3575
5518
9367
3613
3643
3673
3695
3725
3755
3785
3806
3837
3867
3893
3923
3953
3983
4002
4033
4063
11115
4107
4137
4167
9293
4215
4245
4276
4309
4343
4373
4399
4429
4459
4489
4515
4546
4576
4604
4637
4667
14639
4713
4743
4773
4795
4825
4855
4885
4915
4981
5006
5040
5071
5092
5126
5160
5194
5225
5257
5287
5314
5344
5374
5398
5428
5458
5488
5498
5531
5561
9348
5615
5645
5675
5700
5730
5760
5789
5819
5849
5879
5902
5932
5962
15188
6014
6044
6074
6098
6128
6158
6188
6212
6242
6272
6296
6326
6356
6386
6407
6437
6467
6489
6519
6549
6579
6598
6628
6658
6688
6708
6738
6768
6795
6825
6856
6887
7029
7223
7323
7355
7385
7415
14007
7465
7495
7525
7547
7577
7607
7637
7651
7681
7711
7739
7769
7799
7829
7850
7880
7910
7939
7969
7999
8029
8040
8070
8100
8130
8151
8181
8211
10823
8255
8285
8315
10790
8359
8389
8419
16778
8465
8495
8525
8549
8579
8609
9245
8651
8681
8711
10635
15838
8760
8790
8820
15451
8858
8888
8918
8941
8971
9001
9031
11724
11756
11789
12018
11900
11931
14103
11959
11995
12028
12058
12093
12129
14064
12197
12228
12260
12283
12313
12343
15874
12394
12429
12463
13292
13330
13364
12515
12546
14941
12682
12712
12742
12768
12798
12828
12858
13495
13526
13557
14963
12954
12984
12567
12599
12633
14463
13136
13167
13198
10633
11197
11962
13327
13736
13857
14016
14235
14449
14651
14868
15165
15419
15706
15969
16644
33
4958
59
75
93
11258
13728
15650
183
14105
227
257
287
15726
324
354
385
14094
16015
424
454
484
10998
12896
13980
15541
3824
529
558
588
13681
15919
627
657
687
704
734
765
795
13712
7186
829
859
889
11112
904
931
961
991
1021
1051
1081
16795
1125
1153
1183
13005
13226
14610
7014
1215
1245
1275
16429
1323
1353
1381
1407
1437
1467
1497
13599
1513
1543
1573
9334
14073
15306
15783
1606
1634
16616
1690
14351
1698
1728
1758
1788
14437
1793
1823
1853
1883
15611
1906
1936
1966
15194
2019
2049
2079
11023
2098
2128
2158
2188
10660
11191
11555
13624
14815
15299
15914
2201
2231
2261
2291
10806
2293
2323
2353
2383
2397
2427
2457
2488
2494
2524
2554
2584
13721
16009
2624
2655
2687
15710
2715
2745
2775
14543
2807
2837
2867
9167
2904
2934
2964
9346
3018
3048
3078
3095
3125
3155
3185
3213
3243
3273
3303
3333
3363
7178
3418
3448
3479
10746
11695
13246
14843
15381
15756
16601
3516
3546
3576
6977
99
3614
3644
3674
3696
3726
3756
3786
3807
3838
3868
3894
3924
3954
3984
4003
4034
4064
11327
4108
4138
4168
9306
4216
4246
4277
4310
4344
4374
4400
4430
4460
4490
4516
4547
4577
4607
4638
4668
14683
4714
4744
4774
4796
4826
4856
4886
4916
4983
5007
5041
5072
5093
5128
5162
5195
5226
5258
5288
5315
5345
5376
5399
5429
5459
10571
5499
5532
5562
14767
5616
5646
5676
5701
5731
5761
5790
5820
5850
5880
5903
5933
5963
15402
6015
6045
6075
6099
6129
6159
6990
6213
6243
6273
6297
6327
6357
6387
6408
6438
6468
6490
6520
6550
6580
6599
6629
6659
10774
6709
6739
6769
6796
6826
6857
6888
7032
7229
7324
7356
7386
7416
14397
7466
7496
7526
7548
7578
7608
9059
7652
7682
7712
7740
7770
7800
7830
7851
7881
7911
7940
7970
8000
8030
8041
8071
8101
8131
8152
8182
8212
10841
8256
8286
8316
10798
8360
8390
8420
16784
8466
8496
8526
8550
8580
8610
9349
8652
8682
8712
10750
15889
8761
8791
8821
15539
8859
8889
8919
8942
8972
9002
9032
11725
11757
11790
11320
11902
11932
14336
11960
11996
12029
12059
12096
12131
15667
12198
12229
14816
12284
12314
12344
16020
12395
12430
12465
13294
13332
13365
12516
12548
14942
12683
12713
12743
12769
12799
12829
12859
13496
13527
13558
14964
12955
12985
12568
12600
12634
16
13137
13168
13199
10634
11200
11990
13329
13739
13859
14023
14237
14451
14663
14877
15167
15424
15707
15973
16669
34
4972
6
76
9308
11259
138
15652
184
15718
228
258
288
15768
325
355
386
14739
16112
425
455
485
11060
12897
14027
15604
500
530
559
589
13682
16104
628
658
688
705
735
766
796
13713
800
830
860
890
11123
905
932
962
992
1022
1052
1082
10968
1126
1154
1184
13006
13679
14611
7160
1216
1246
1276
16441
1324
1354
1382
1408
1438
1468
9288
13600
1514
1544
1574
10593
14275
15331
15827
1607
1635
1662
1691
14391
1699
1729
1759
1789
14440
1794
1824
1854
1884
15619
1907
1937
1967
15608
2020
2050
2080
11236
2099
2129
2159
2189
10662
11221
11585
13627
14820
15318
16001
2202
2232
2262
9040
10846
2294
2324
2354
2384
2398
2428
2458
2489
2495
2525
2555
2585
13729
2593
2625
2656
2689
15711
2716
2746
2776
14587
2808
2838
2868
9168
2905
2935
2965
11386
3019
3049
3079
3096
3126
3156
3186
3214
3244
3274
3304
3334
3364
7252
3419
3449
3480
10829
11874
13293
14850
15382
15780
16603
3517
3547
3577
82
11004
3615
3645
3675
3697
3727
3757
3787
3808
3839
3869
3895
3925
3955
3985
4005
4035
4065
11610
4109
4139
4169
9338
4217
4247
4278
4311
4345
4375
4401
4431
4461
4491
4517
4548
4578
4608
4639
4669
14701
4715
4745
4775
4797
4827
4857
4887
4917
11206
5009
5042
5076
5094
5129
5163
5196
5227
5259
10624
5316
5346
5377
5400
5430
5460
10638
5500
5533
5563
15065
5617
5647
5677
5702
5732
5762
5791
5821
5851
5881
5904
5934
5964
15763
6016
6046
6076
6100
6130
6160
6993
6214
6244
6274
6298
6328
6358
6388
6409
6439
6469
6491
6521
6551
6581
6600
6630
6660
10928
6710
6740
6770
6797
6827
6858
6889
7059
7250
7325
7357
7387
7417
14601
7467
7497
7527
7549
7579
7609
9244
7653
7683
7713
7741
7771
7801
7831
7852
7882
7912
7941
7971
8001
8031
8042
8072
8102
8132
8153
8183
8213
10892
8257
8287
8317
10848
8361
8391
8421
16793
8467
8497
8527
8551
8581
8611
10756
8653
8683
8713
10832
15912
8762
8792
8822
15626
8860
8890
8920
8943
8973
9003
9033
11726
11758
11791
11324
11903
11933
14544
11961
11998
12030
12060
12097
12132
16017
12199
12230
14830
12285
12315
12345
16258
12396
12431
12466
13296
13334
13366
12517
12549
14943
12684
12714
12744
12770
12800
12830
12860
13497
13528
13559
14968
12956
12986
12569
12601
12635
13108
13138
13169
13200
10640
11201
11997
13331
13740
13867
14025
14239
14495
14666
14880
15175
15440
15719
16000
16670
35
4985
60
77
9320
11298
139
157
185
16066
229
259
289
15871
326
356
387
14740
16250
426
456
486
11068
12898
14046
15609
501
531
560
590
13719
16118
629
659
689
706
736
767
797
13720
801
831
861
891
11220
906
933
963
993
1023
1053
1083
10969
1127
1155
1185
13007
13694
14612
9158
1217
1247
1277
9169
1325
1355
1383
1409
1439
1469
9289
13727
1515
1545
1575
10657
14277
15332
15903
1608
1636
1663
9068
14405
1700
1730
1760
1790
14442
1795
1825
1855
1885
15699
1908
1938
1968
15701
2021
2051
2081
12112
2100
2130
2160
2190
10669
11224
11586
13629
14831
15325
16003
2203
2233
2263
9048
10865
2295
2325
2355
2385
2399
2429
2459
2490
2496
2526
2556
2586
13963
2594
2626
2657
2690
15751
2717
2747
2777
14648
2809
2839
2869
9198
2906
2936
2966
12503
3020
3050
3080
3097
3127
3157
3187
3215
3245
3275
3305
3335
3365
14775
3420
3450
3481
10834
12088
13383
14876
15391
15804
16630
3518
3548
3578
84
11018
3616
3646
3676
3698
3728
3758
3788
3809
3840
3870
3896
3926
3956
3986
4006
4036
4066
11630
4110
4140
4170
15410
4218
4248
4280
4312
4346
4376
4402
4432
4462
9351
4518
4549
4579
4610
4640
4670
14737
4716
4746
4776
4798
4828
4858
4888
4918
11207
5010
5043
5078
5095
5130
5164
5197
5228
5260
13318
5317
5347
5378
5401
5431
5461
10845
5501
5534
5564
1520
5618
5648
5678
5703
5733
5763
5792
5822
5852
5882
5905
5935
5965
15891
6017
6047
6077
6101
6131
6161
9255
6215
6245
6275
6299
6329
6359
9175
6410
6440
6470
6492
6522
6552
6582
6601
6631
6661
13244
6711
6741
6771
6798
6828
6859
6890
7075
7262
7326
7358
7388
7418
7438
7468
7498
7528
7550
7580
7610
10592
7654
7684
7714
7742
7772
7802
7832
7853
7883
7913
7942
7972
8002
8032
8043
8073
8103
8133
8154
8184
8214
10915
8258
8288
8318
10860
8362
8392
8422
8438
8468
8498
8528
8552
8582
8612
10780
8654
8684
8714
10833
15939
8763
8793
8823
2607
8861
8891
8921
8944
8974
9004
9034
11727
11759
11792
11485
11904
11934
14685
11963
11999
12031
12172
12099
12133
16035
12200
12231
14854
12286
12316
12346
10601
12397
12432
12467
13298
13335
13367
12518
12550
14944
12685
12715
12745
12771
12801
12831
12861
13498
13529
13560
15647
12957
12987
12570
12602
12636
13109
13139
13170
13201
10645
11292
12
13333
13745
13882
14036
14240
14503
14668
14881
15176
15454
15732
16012
16674
36
4988
61
78
9335
113
140
158
186
200
230
260
290
15929
327
357
388
14810
16267
427
457
487
11131
12899
14052
15615
502
532
561
591
13753
600
630
660
690
707
737
768
798
13743
802
832
862
892
11283
907
934
964
994
1024
1054
1084
1100
1128
1156
1186
13008
13961
14614
9287
1218
1248
1278
9174
1326
1356
1384
1410
1440
1470
9304
14011
1516
1546
1576
10919
14314
15333
1592
1609
1637
1664
9069
14841
1701
1731
1761
1791
14444
1796
1826
1856
1886
15702
1909
1939
1969
1992
2022
2052
2082
12116
2101
2131
2161
2191
10675
11239
11604
13631
14833
15329
16039
2204
2234
2264
9060
10866
2296
2326
2356
2386
2400
2430
2461
2491
2497
2527
2557
2587
13977
2595
2627
2658
2691
15754
2718
2748
2778
15252
2810
2840
2870
9199
2907
2937
2967
15446
3021
3051
3081
3098
3128
3158
3188
3216
3246
3276
3306
3336
3366
15503
3421
3451
3482
10844
12371
13462
14878
15404
15817
16679
3519
3549
3579
9042
11175
3617
3647
3677
3699
3729
3759
3789
3810
3841
3871
3897
3927
3957
3987
4007
4037
4067
13628
4111
4141
4171
16305
4219
4249
4281
4313
4347
4377
4403
4433
4463
9355
4519
4550
4580
4611
4641
4671
14871
4717
4747
4777
4799
4829
4859
4889
4919
11209
5011
5045
5079
5096
5131
5165
5198
5229
5261
14439
5318
5348
5379
5402
5432
5462
10995
5503
5535
5565
5589
5619
5649
5679
5704
5734
5764
5793
5823
5853
5883
5906
5936
5966
16008
6018
6048
6078
6102
6132
6162
10574
6216
6246
6276
6300
6330
6360
9260
6411
6441
6471
6493
6523
6553
6583
6602
6632
6662
13738
6712
6742
6772
6799
6829
6860
6891
7087
7273
7328
7359
7389
7419
7439
7469
7499
7529
7551
7581
7611
11343
7655
7685
7715
7743
7773
7803
7833
7854
7884
7914
7943
7973
8003
8033
8044
8074
8104
8134
8155
8185
8215
10916
8259
8289
8319
10893
8363
8393
8423
8439
8469
8499
8529
8553
8583
8613
10864
8655
8685
8715
10855
16678
8764
8794
8824
2608
8862
8892
8922
8945
8975
9005
9035
11728
11760
11793
11847
11905
11935
14702
11964
12000
12032
12513
12100
12134
12077
12201
12232
16271
12287
12317
12347
11404
12398
12433
12468
13299
13336
13368
12519
12551
14945
12686
12716
12746
12772
12802
12832
12862
13499
13530
13561
10598
12958
12988
12571
12603
12637
13110
13140
13171
13202
10666
11317
12079
13379
13746
13887
14039
14249
14505
14689
14885
15179
15467
15735
16033
16675
37
5
62
79
9340
114
141
15852
187
201
231
261
291
16304
328
358
389
14821
16681
428
458
488
11171
12900
14063
15627
503
533
562
592
14070
601
631
661
691
708
738
769
799
13816
803
833
863
893
11615
908
935
965
995
1025
1055
1085
1101
1129
1157
11869
13009
13967
14617
9290
1219
1249
1279
9227
1327
1357
1385
1411
1441
1471
11001
14034
1517
1547
1577
10950
14331
15345
15920
16099
1638
1665
9070
14847
1702
1732
1762
9083
14450
1797
1827
1857
1887
15725
1910
1940
1970
1993
2023
2053
2083
12181
2102
2132
2162
9065
10679
11241
11605
13632
14863
15344
16051
2205
2235
2265
9074
10871
2297
2327
2357
2387
2401
2431
2462
2492
2498
2528
2558
2588
14001
2596
2628
2659
6912
15755
2719
2749
2779
15253
2811
2841
2871
9200
2908
2938
2968
15820
3022
3052
3082
3099
3129
3159
3189
3217
3247
3277
3307
3337
3367
15941
3422
3452
3483
10896
12380
13677
14889
15408
15818
16689
3520
3550
3580
9045
11975
3618
3648
3678
3700
3730
3760
3790
3811
3842
3872
3898
3928
3958
3988
4008
4038
4068
14083
4112
4142
4172
16360
4220
4250
4282
4314
4348
4378
4404
4434
4464
12521
4521
4551
4581
4612
4642
4672
14882
4718
4748
4778
4800
4830
4860
4890
4920
11211
5012
5046
5080
5097
5132
5166
5199
5230
5262
5289
5319
5349
5380
5403
5433
5463
10997
5504
5536
5566
5590
5620
5650
5680
5705
5735
5765
5794
5824
5854
5884
5907
5937
5967
5989
6019
6049
6079
6103
6133
6163
10585
6217
6247
6277
6301
6331
6361
10580
6412
6442
6472
6494
6524
6554
6584
6603
6633
6663
13971
6713
6743
6773
6800
6830
6861
6892
7090
7276
7329
7360
7390
7420
7440
7470
7500
7530
7552
7582
7612
11432
7656
7686
7716
7744
7774
7804
7834
7855
7885
7915
7944
7974
8004
8034
8045
8075
8105
8135
8156
8186
8216
11080
8260
8290
8320
10999
8364
8394
8424
8440
8470
8500
8530
8554
8584
8614
11071
8656
8686
8716
10962
16687
8765
8795
8825
2639
8863
8893
8923
8946
8976
9006
9036
11729
11761
11794
11849
11906
11936
14705
11966
12001
12033
16055
12101
12135
12161
12202
12233
16634
12288
12318
12348
11556
12399
12434
12469
13300
13337
13369
12520
12552
14946
12687
12717
12747
12773
12803
12833
12863
13500
13531
13562
11367
12959
12989
12572
12604
12638
13111
13141
13172
13203
10740
11326
12081
13389
13747
13888
14044
14263
14510
14698
14886
15189
15471
15741
16034
16680
38
50
63
8
9341
115
142
159
188
202
232
262
292
16697
329
359
390
14826
16707
429
459
489
11228
12901
14078
15639
504
534
563
593
14359
602
632
662
692
709
739
770
10582
13993
804
834
864
894
11616
909
936
966
996
1026
1056
1086
1102
1130
1158
1187
13010
13986
14620
9321
1220
1250
1280
9347
1328
1358
1386
1412
1442
1472
11002
14037
1518
1548
1578
11049
14381
15350
1593
1610
1639
1666
9071
14848
1703
1733
1763
9092
14452
1798
1828
1858
1888
15728
1911
1941
1971
1994
2024
2054
2084
14210
2103
2133
2163
9086
10711
11242
11609
13633
14864
15372
16087
2206
2236
2266
9119
10878
2298
2328
2358
2388
2402
2432
2463
10589
2499
2529
2559
2589
14021
2597
2629
2660
9079
15860
2720
2750
2780
15254
2812
2842
2872
9225
2909
2939
2969
2993
3023
3053
3083
3100
3130
3160
3190
3218
3248
3278
3308
3338
3368
3393
3423
3453
3484
10900
12385
13700
14896
15411
15845
16705
3521
3551
3581
9055
15869
3619
3649
3679
3701
3731
3761
3791
3812
3843
3873
3899
3929
3959
3989
4009
4039
4069
14694
4113
4143
4173
16733
4221
4251
4283
4315
4349
4379
4405
4435
4465
14643
4522
4552
4582
4613
4643
4673
15653
4719
4749
4779
4801
4831
4861
4891
4921
11213
5015
5047
5081
5098
5133
5167
5200
5231
5263
5290
5320
5350
5381
5404
5434
5464
11196
5505
5537
5567
5591
5621
5651
5681
5706
5736
5766
5795
5825
5855
5885
5908
5938
5968
5990
6020
6050
6080
6104
6134
6164
10639
6218
6248
6278
6302
6332
6362
10907
6413
6443
6473
6495
6525
6555
6585
6604
6634
6664
14645
6714
6744
6774
6801
6831
6862
6893
7095
7280
7330
7361
7391
7421
7441
7471
7501
7531
7553
7583
7613
13957
7657
7687
7717
7745
7775
7805
7835
7856
7886
7916
7945
7975
8005
8035
8046
8076
8106
8136
8157
8187
8217
11081
8261
8291
8321
11007
8365
8395
8425
8441
8471
8501
8531
8555
8585
8615
11072
8657
8687
8717
11139
16713
8766
8796
8826
2674
8864
8894
8924
8947
8977
9007
9037
11730
11762
11795
11850
11907
11937
14706
11967
12002
12034
12061
12102
12136
12162
12203
12234
16683
12289
12319
12349
12366
12400
12435
13741
13301
13338
13370
12522
12553
14947
12688
12718
12748
12774
12804
12834
12864
13501
13532
13563
12930
12960
12990
12573
12605
12639
13112
13142
13173
13204
10753
11331
12082
13406
13748
13893
14048
14267
14519
14699
14887
15217
15479
15749
16036
16685
39
5013
64
80
9352
116
143
160
189
203
233
263
293
300
330
360
391
14836
400
430
460
490
11234
12904
14081
15658
505
535
564
594
14384
603
633
663
693
710
740
771
10678
13997
805
835
865
895
11620
910
937
967
997
1027
1057
1087
1103
1131
1159
1189
13011
13994
14622
94
1221
1251
1281
10918
1329
1359
1387
1413
1443
1473
11003
14040
1519
1549
1579
11050
14385
15378
15934
1611
1640
1667
9072
14996
1704
1734
1764
10840
14455
1799
1829
1859
1889
15757
1912
1942
1972
1995
2025
2055
2085
14219
2104
2134
2164
9087
10714
11244
11621
13744
14866
15449
16089
2207
2237
2267
9123
10880
2299
2329
2359
2389
2403
2433
2464
10738
2500
2530
2560
2590
14369
2598
2630
2661
9081
16013
2721
2751
2781
15338
2813
2843
2873
9250
2910
2940
2970
2994
3024
3054
3084
3101
3131
3161
3191
3219
3249
3279
3309
3339
3369
3394
3424
3454
3485
10902
12389
13868
14901
15413
15848
16708
3522
3552
3582
9073
15925
3620
3650
3680
3702
3732
3762
3792
3813
3844
3874
3900
3930
3960
3990
4010
4040
4070
14760
4114
4144
4174
16753
4222
4252
4284
4317
4350
4380
4406
4436
4466
4492
4523
4553
4583
4614
4644
4674
15779
4720
4750
4780
4802
4832
4862
4892
4922
11214
5016
5048
5082
5099
5134
5168
5201
5232
5264
5291
5321
5351
5382
5405
5435
5465
11223
5506
5538
5568
5592
5622
5652
5682
5707
5737
5767
5796
5826
5856
5886
5909
5939
5969
5991
6021
6051
6081
6105
6135
6165
6189
6219
6249
6279
6303
6333
6363
11109
6414
6444
6474
6496
6526
6556
6586
6605
6635
6665
14711
6715
6745
6775
6802
6832
6863
6894
7100
7283
7331
7362
7392
7422
7442
7472
7502
7532
7554
7584
7614
14641
7658
7688
7718
7746
7776
7806
7836
7857
7887
7917
7946
7976
8006
8036
8047
8077
8107
8137
8158
8188
8218
11453
8262
8292
8322
15457
8366
8396
8426
8442
8472
8502
8532
8556
8586
8616
11263
8658
8688
8718
11148
6838
8767
8797
8827
2680
8865
8895
8925
8948
8978
9008
9095
11731
11763
11796
11857
11908
11938
14716
11968
12003
12035
12063
12103
12137
12164
12204
12235
16694
12290
12320
12350
12367
12401
12437
13809
13302
13339
13371
12523
12554
14948
12689
12719
12749
12775
12805
12835
12865
13502
13533
13565
12931
12961
12991
12574
12606
12640
13113
13143
13174
13205
10910
11337
12084
13414
13749
13898
14051
14287
14522
14723
14890
15246
15505
15766
16050
16686
4
5044
6476
81
9366
11629
144
161
190
204
234
264
294
301
331
361
392
14838
401
431
461
491
11383
12905
14087
15663
506
536
565
595
14529
604
634
664
694
711
741
772
10710
14226
806
836
866
896
11671
9109
938
968
998
1028
1058
1088
1104
1132
11595
1190
13012
14029
14623
95
1222
1252
1282
1300
1330
1360
1388
1414
1444
1474
11016
14045
1521
1550
1580
11054
14466
15379
15935
16111
1641
1668
9127
14999
1705
1735
1765
11008
14464
1800
1830
1860
1890
15772
1913
1943
1973
1996
2026
2056
2086
14345
2105
2135
2165
9088
10724
11256
11623
13777
14872
15502
16090
2208
2238
2268
9130
10955
2300
2330
2360
2390
2404
2434
2465
10777
2501
2531
2561
2591
14374
2599
2631
2662
9133
16273
2722
2752
2782
15575
2814
2844
2874
9267
2911
2941
2971
2995
3025
3055
3085
3102
3132
3162
3192
3220
3250
3280
3310
3340
3370
3395
3425
3455
3486
10903
12403
13872
14907
15416
15851
3493
3523
3553
3583
9080
16737
3621
3651
3681
3703
3733
3763
6947
3814
3845
3875
3901
3931
3961
3991
4011
4041
4071
15135
4115
4145
4175
4193
4223
4253
4285
4318
4351
4381
4407
4437
4467
4493
4524
4554
4584
4615
4645
4675
15982
4721
4751
4781
4803
4833
4863
4893
4923
11215
5017
5049
5083
5100
5135
5171
5202
5233
5265
5292
5322
5352
5383
5406
5436
5466
11255
5507
5539
5569
5593
5623
5653
5683
5708
5738
5768
5797
5827
5857
5887
5910
5940
5970
5992
6022
6052
6082
6106
6136
6166
6190
6220
6250
6280
6304
6334
6364
11188
6415
6445
6475
6497
6527
6557
6587
6606
6636
6666
14925
6716
6746
6776
6803
6833
6864
6895
7115
7287
7332
7363
7393
7423
7443
7473
7503
7533
7555
7585
7615
16007
7659
7689
7719
7747
7777
7807
7837
7858
7888
7918
7947
7977
8007
8037
8048
8078
8108
9149
8159
8189
8219
15566
8263
8293
8323
16508
8367
8397
8427
8443
8473
8503
8533
8557
8587
8617
11338
8659
8689
8719
11187
8738
8768
8798
8828
2688
8866
8896
8926
8949
8979
9009
9145
11733
11764
11797
11858
11909
11939
14819
11969
12004
12036
12064
12104
12139
12165
12205
12236
11483
12291
12321
12351
12368
12402
12438
14782
13303
13340
13372
12524
12555
14949
12690
12720
12750
12776
12806
12836
12866
13503
13534
13566
12932
12962
13886
12575
12607
12641
13114
13144
13175
13206
10993
11352
12086
13468
13752
13903
14061
14289
14526
14728
14899
15259
15506
15771
16060
16690
4004
5073
65
85
96
117
145
16109
191
205
235
265
296
302
332
362
393
14851
402
432
462
492
11411
12909
14220
15693
507
537
566
596
14539
605
635
665
695
712
742
773
10784
14234
807
837
867
897
13751
911
939
969
999
1029
1059
1089
1105
1133
1160
1191
13013
14095
14625
10700
1223
1253
1283
1301
1331
1361
1389
1415
1445
1475
11032
14053
1522
1551
1581
11055
14499
15394
1594
1612
1642
16684
9129
15035
1706
1736
1766
13611
14468
1801
1831
1861
1891
15784
1914
1944
1974
1997
2027
2057
2087
14401
2106
2136
2166
9099
10733
11267
11638
13807
14888
15523
16126
2209
2239
2269
9132
11009
2301
2331
2361
2391
2405
2435
2466
10927
2502
2532
2562
2592
14547
2600
2632
2663
9140
2693
2723
2753
2783
15580
2815
2845
2875
9268
2912
2942
2972
2996
3026
3056
3086
3103
3133
3163
9134
3221
3251
3281
3311
3341
3371
3396
3426
3456
3487
10911
12409
13968
14989
15418
15870
3494
3524
3554
3584
9090
16758
3622
3652
3682
3704
3734
3764
7056
3815
3846
3876
3902
3932
3962
3992
4012
4042
4072
15192
4116
4146
4176
4194
4224
4254
4286
4319
4352
4382
4408
4438
4468
4494
4525
4555
4585
4616
4646
4676
4692
4722
4752
4782
4804
4834
4864
4894
4924
11216
5018
5050
5084
5102
5136
5172
5203
5234
5266
5293
5323
5353
5384
5407
5437
5467
11374
5508
5540
5570
5594
5624
5654
5684
5709
5739
5769
5798
5828
5858
5888
5911
5941
5971
5993
6023
6053
6083
6107
6137
6167
6191
6221
6251
6281
6305
6335
6365
11198
6416
6446
6477
6498
6528
6558
6588
6607
6637
6667
15075
6717
6747
6777
6804
6834
6865
6896
7118
7290
7333
7364
7394
7424
7444
7474
7504
7534
7556
7586
7616
16719
7660
7690
7720
7748
7778
7808
9126
7859
7889
7919
7948
7978
8008
9230
8049
8079
8109
9196
8160
8190
8220
15567
8264
8294
8324
8338
8368
8398
8428
8444
8474
8504
8534
8558
8588
8618
11479
8660
8690
8720
11423
8739
8769
8799
8829
2692
8867
8897
8927
8950
8980
9010
9345
11734
11765
11798
11864
11910
11940
14824
11970
12005
12037
12065
12105
12140
12167
12206
12237
12262
12292
12322
12352
12369
12404
12439
14783
13304
13341
13373
12525
12557
15182
12691
12721
12751
12777
12807
12837
14777
13504
13535
13567
12933
12963
14273
12576
12608
12642
13115
13145
13176
13207
11020
11440
12095
13639
13754
13933
14069
14291
14565
14746
14902
15286
15507
15789
16061
16691
41
5074
66
87
97
118
146
162
192
206
236
266
297
303
333
363
394
14852
403
433
463
493
11502
12912
14427
15722
508
538
567
597
14569
606
636
666
696
713
743
774
10786
14593
808
838
868
898
13769
912
940
970
1000
1030
1060
1090
1106
1134
1161
1192
13014
14415
14627
10705
1224
1254
1284
1302
1332
1362
1390
1416
1446
1476
11034
14091
1523
1552
1582
11082
14575
15405
15944
1613
1643
1669
9131
15347
1707
1737
1767
13622
14475
1802
1832
1862
9264
15819
1915
1945
1975
1998
2028
2058
2088
14410
2107
2137
2167
9150
10754
11268
11641
13880
14891
15527
16130
2210
2240
2270
9138
11012
2302
2332
2362
9075
2406
2436
2467
11040
2503
2533
2563
6964
14556
2601
2633
2664
9234
2694
2724
2754
2784
15753
2816
2846
2876
10796
2913
2943
2973
2997
3027
3057
3087
3104
3134
3164
9240
3222
3252
3282
3312
3342
3372
3397
3427
3457
3488
10912
12419
13983
15
15422
15872
3495
3525
3555
3585
9103
3593
3623
3653
3683
3705
3735
3765
7092
3816
3847
3877
3903
3933
3963
83
4013
4043
4073
15196
4117
4147
4177
4195
4225
4255
4287
4320
4353
4383
4409
4439
4469
4495
4526
4556
4586
4617
4647
4677
4693
4723
4753
4783
4805
4835
4865
4895
4925
11218
5019
5051
5085
5103
5137
5173
5204
5235
5267
5294
5324
5354
5385
5408
5438
5468
11431
5509
5541
5571
5595
5625
5655
5685
5710
5740
5770
5799
5829
5859
10732
5912
5942
5972
5994
6024
6054
6084
6108
6138
6168
6192
6222
6252
6282
6306
6336
6366
11477
6417
6447
6478
6499
6529
6559
9089
6608
6638
6668
16493
6718
6748
6778
6805
6835
6866
6897
7131
7298
7334
7365
7395
7425
7445
7475
7505
7535
7557
7587
7617
16724
7661
7691
7721
7749
7779
7809
9256
7860
7890
7920
7949
7979
8009
10680
8050
8080
8110
9301
8161
8191
8221
15568
8265
8295
8325
8339
8369
8399
8429
8445
8475
8505
8535
8559
8589
8619
11570
8661
8691
8721
11654
8740
8770
8800
8830
8838
8868
8898
8928
8951
8981
9011
11704
11735
11767
11799
11867
11911
11941
14908
11971
12006
12038
12066
12106
12141
12168
12207
12238
12263
12293
12323
12353
12370
12405
12441
15552
13305
13342
13374
12526
13626
15305
12692
12722
12752
12778
12808
12838
14792
13505
13536
13568
12934
12964
14332
12578
12609
12643
13116
13146
13177
13229
11039
11459
12098
13645
13755
13938
14071
14309
14576
14751
14903
15293
15521
15792
16069
16695
42
5075
67
88
98
119
14632
163
193
207
237
267
298
304
334
364
395
14857
404
434
464
494
11545
12913
14488
15724
509
539
568
598
14570
607
637
667
697
714
744
775
10821
14650
809
839
869
899
13784
913
941
971
1001
1031
1061
1091
11066
1135
1162
1193
13015
14421
14649
10761
1225
1255
1285
1303
1333
1363
1391
1417
1447
1477
11073
14099
1524
1553
1583
11083
14753
15406
1595
1614
1644
1670
9139
15453
1708
1738
1768
13706
14478
1803
1833
1863
9305
15911
1916
1946
1976
1999
2029
2059
2089
14412
2108
2138
2168
9153
10803
11306
11644
14065
14893
15538
16158
2211
2241
2271
9142
11046
2303
2333
2363
9224
2407
2437
2468
11041
2504
2534
2564
9061
14591
2602
2634
2665
9332
2695
2725
2755
2785
15775
2817
2847
2877
11170
2914
2944
2974
2998
3028
3058
3088
3105
3135
3165
3193
3223
3253
3283
3313
3343
3373
3398
3428
3458
3489
10949
12421
14050
15038
15423
15888
3496
3526
3556
3586
9107
3594
3624
3654
3684
3706
3736
3766
14655
3817
3848
3878
3904
3934
3964
16722
4014
4044
4074
15326
4118
4148
4178
4196
4226
4256
4288
4321
4354
4384
4410
4440
4470
4496
4527
4557
4587
4618
4648
4678
4694
4724
4754
4784
4806
4836
4866
4896
4926
11219
5020
5052
5086
5104
5138
5174
5205
5236
5268
5295
5325
5355
5386
5409
5439
5469
11527
5510
5542
5572
5596
5626
5656
5686
5711
5741
5771
5800
5830
5860
10835
5913
5943
5973
5995
6025
6055
6085
6109
6139
6169
6193
6223
6253
6283
6307
6337
6367
11516
6418
6448
6479
6500
6530
6560
9192
6609
6639
6669
6689
6719
6749
6779
6806
6836
6867
6898
7137
7299
7335
7366
7396
7426
7446
7476
7506
7536
7558
7588
7618
16740
7662
7692
7722
7750
7780
7810
13237
7861
7891
7921
7950
7980
8010
11093
8051
8081
8111
9368
8162
8192
8222
15785
8266
8296
8326
8340
8370
8400
8430
8446
8476
8506
8536
8560
8590
8620
11632
8662
8692
8722
11656
8741
8771
8801
8831
8839
8869
8899
8929
8952
8982
9012
11705
11736
11768
11800
11873
11912
11942
14915
11972
12007
12039
12067
12107
12142
12170
12208
12239
12264
12294
12324
12354
12372
12406
12442
15620
13306
13344
13375
12527
13889
16703
12693
12723
12753
12779
12809
12839
14842
13506
13537
13647
12935
12965
14566
12579
12611
12644
13117
13147
13178
14084
11059
11568
12108
13646
13757
13947
14074
14329
14577
14759
14906
15300
15524
15797
16093
16701
4294
5077
68
89
100
120
147
164
194
208
238
268
299
305
335
365
396
14858
405
435
465
495
11582
12928
14554
15777
510
540
569
599
14571
608
638
668
698
715
745
776
11000
14725
810
840
870
9053
13791
914
942
972
1002
1032
1062
1092
11067
1136
1163
1194
13016
14423
14700
10920
1226
1256
1286
1304
1334
1364
1392
1418
1448
1478
11075
14307
1525
1554
1584
11089
14757
15463
15958
1615
1645
1671
9143
15554
1709
1739
1769
13707
14479
1804
1834
1864
9325
15952
1917
1947
1977
2000
2030
2060
2090
14594
2109
2139
2169
9155
10810
11307
11648
14079
14904
15544
16268
2212
2242
2272
9144
11047
2304
2334
2364
9257
2408
2438
2469
11452
2505
2535
2565
9207
14598
2603
2635
2666
9350
2696
2726
2756
2786
15811
2818
2848
2878
11173
2915
2945
2975
2999
3029
3059
3089
3106
3136
3166
3194
3224
3254
3284
3314
3344
3374
3399
3429
3459
3490
10956
12422
14062
15112
15428
15893
3497
3527
3557
3587
9114
3595
3625
3655
3685
3707
3737
3767
14679
3818
3849
3879
3905
3935
3965
16725
4015
4045
4075
15356
4119
4149
4179
4197
4227
4257
4289
4322
4355
4385
4411
4441
4471
4497
4528
4558
4588
4619
4649
4679
4695
4725
4755
4785
4807
4837
4867
4897
4927
373
5022
5053
5088
5105
5139
5175
5206
5238
5269
5296
5326
5356
5387
5410
5440
5470
11552
5511
5543
5573
5597
5627
5657
5687
5712
5742
5772
5801
5831
5861
16720
5914
5944
5974
5996
6026
6056
6086
6110
6140
6170
6194
6224
6254
6284
6308
6338
6368
6389
6419
6449
6480
6501
6531
6561
9228
6610
6640
6670
6690
6720
6750
6780
6807
6837
6868
6899
7140
7301
7336
7367
7397
7427
7447
7477
7507
7537
7559
7589
7619
16741
7663
7693
7723
7751
7781
7811
16726
7862
7892
7922
7951
7981
8011
11203
8052
8082
8112
15577
8163
8193
8223
16313
8267
8297
8327
8341
8371
8401
8431
8447
8477
8507
8537
8561
8591
8621
11635
8663
8693
8723
11696
8742
8772
8802
8832
8840
8870
8900
8930
8953
8983
9013
11706
11738
11769
11801
11876
11913
11943
14990
11973
12008
12040
12068
12109
12143
12173
12210
12240
12265
12295
12325
12355
12373
12407
12443
15742
13307
13345
13376
12528
13965
12664
12694
12724
12754
12780
12810
12840
14865
13507
13538
13715
12936
12966
15138
12580
12612
12645
13118
13148
13179
11063
11573
12169
13671
13763
13948
14076
14341
14584
14787
14909
15301
15534
15803
16124
16706
4300
5087
69
9
101
121
148
165
195
209
239
269
9236
306
336
366
397
14859
406
436
466
496
11617
12929
14567
15815
511
541
570
7098
14572
609
639
669
699
716
746
777
11044
14861
811
841
871
9054
14264
915
943
973
1003
1033
1063
1093
11069
1137
1164
1195
13017
14424
14718
10922